12.500000	1699.834486
15.000000	1458.122865
17.500000	1304.773754
20.000000	1193.237462
22.500000	1136.840317
25.000000	1059.999139
27.500000	1012.059750
30.000000	1001.854417
32.500000	979.354006
35.000000	949.879328
37.500000	920.173492
40.000000	959.436317
42.500000	965.195939
45.000000	950.089256
47.500000	960.982472
50.000000	977.666739
52.500000	1001.596479
55.000000	1020.207878
57.500000	1042.779237
60.000000	1029.109664
62.500000	1071.884265
65.000000	1078.372538
67.500000	1059.921432
70.000000	1112.284241
72.500000	1137.883293
75.000000	1104.177926
77.500000	1178.658051
80.000000	1210.012390
82.500000	1179.110898
85.000000	1200.359831
87.500000	1192.048084
90.000000	1236.413171
92.500000	1341.926704
95.000000	1331.069034
97.500000	1349.694614
100.000000	1376.056273
102.500000	1381.336293
105.000000	1412.663377
107.500000	1449.242886
110.000000	1433.432933
