12.500000	6255.636779
15.000000	5244.233162
17.500000	4547.289921
20.000000	4064.092952
22.500000	3615.931498
25.000000	3353.234207
27.500000	3156.098040
30.000000	2852.854307
32.500000	2739.532519
35.000000	2637.901244
37.500000	2509.141476
40.000000	2504.321089
42.500000	2244.640228
45.000000	2243.312068
47.500000	2071.216210
50.000000	2099.425306
52.500000	2054.074116
55.000000	2051.902676
57.500000	2061.602919
60.000000	2029.152512
62.500000	1991.326611
65.000000	1898.846334
67.500000	1924.257381
70.000000	1896.361677
72.500000	1917.267788
75.000000	1923.885212
77.500000	1831.767374
80.000000	1976.914228
82.500000	1913.282331
85.000000	1932.019150
87.500000	1862.637671
90.000000	1822.825692
92.500000	1884.389859
95.000000	1982.798535
97.500000	1984.363363
100.000000	1775.798416
102.500000	1856.160726
105.000000	2005.784611
107.500000	1910.029796
110.000000	2032.992923
