12.500000	303.194318
15.000000	269.076342
17.500000	247.541658
20.000000	222.731715
22.500000	203.955289
25.000000	190.744939
27.500000	180.145617
30.000000	171.696902
32.500000	166.768659
35.000000	158.337876
37.500000	152.169131
40.000000	145.426478
42.500000	140.704755
45.000000	145.748628
47.500000	138.273566
50.000000	139.671247
52.500000	135.792919
55.000000	133.837977
57.500000	131.725317
60.000000	130.972721
62.500000	127.901887
65.000000	132.206876
67.500000	132.077425
70.000000	131.588577
72.500000	128.934506
75.000000	131.359367
77.500000	130.917270
80.000000	133.234703
82.500000	131.532194
85.000000	129.994265
87.500000	137.496086
90.000000	136.504716
92.500000	133.729039
95.000000	136.383792
97.500000	135.751240
100.000000	138.651889
102.500000	138.691505
105.000000	137.347166
107.500000	140.433444
110.000000	143.052368
