12.500000	166.032961
15.000000	168.221528
17.500000	179.781491
20.000000	186.013102
22.500000	195.320370
25.000000	207.164960
27.500000	206.454167
30.000000	249.992298
32.500000	214.277965
35.000000	249.299693
37.500000	247.908541
40.000000	265.774254
42.500000	271.596101
45.000000	287.606068
47.500000	317.848544
50.000000	329.084129
52.500000	330.113342
55.000000	341.524160
57.500000	405.444443
60.000000	369.770974
62.500000	398.765054
65.000000	428.508562
67.500000	421.673983
70.000000	429.922951
72.500000	429.799264
75.000000	453.920747
77.500000	480.726730
80.000000	430.630161
82.500000	479.587169
85.000000	533.905088
87.500000	523.208506
90.000000	557.078914
92.500000	506.303258
95.000000	569.003501
97.500000	581.636067
100.000000	621.298670
102.500000	609.298667
105.000000	652.533645
107.500000	622.057575
110.000000	648.847454
