12.500000	1541.779509
15.000000	1341.607013
17.500000	1172.886570
20.000000	1051.286501
22.500000	998.604639
25.000000	896.869058
27.500000	908.977067
30.000000	813.347705
32.500000	856.716045
35.000000	823.284868
37.500000	832.097787
40.000000	853.033020
42.500000	762.966499
45.000000	728.107474
47.500000	770.084289
50.000000	759.673546
52.500000	757.136577
55.000000	730.326751
57.500000	822.050141
60.000000	793.846315
62.500000	820.840114
65.000000	844.021383
67.500000	746.446576
70.000000	773.896813
72.500000	826.917750
75.000000	843.996873
77.500000	845.983304
80.000000	773.179737
82.500000	811.475671
85.000000	996.213640
87.500000	875.740849
90.000000	918.635788
92.500000	916.088319
95.000000	840.657016
97.500000	969.845544
100.000000	930.172627
102.500000	1015.759603
105.000000	1016.338373
107.500000	946.725545
110.000000	963.583458
