12.500000	6128.350577
15.000000	5147.417621
17.500000	4420.381003
20.000000	3920.518259
22.500000	3489.423005
25.000000	3179.966866
27.500000	2913.053783
30.000000	2704.859848
32.500000	2520.924661
35.000000	2360.228171
37.500000	2229.186192
40.000000	2111.810313
42.500000	2009.503683
45.000000	1923.941488
47.500000	1850.629840
50.000000	1768.671765
52.500000	1734.164122
55.000000	1669.746529
57.500000	1627.391946
60.000000	1569.593282
62.500000	1536.642334
65.000000	1515.989574
67.500000	1470.034559
70.000000	1437.822172
72.500000	1414.095793
75.000000	1389.326083
77.500000	1361.187402
80.000000	1355.512107
82.500000	1344.863496
85.000000	1328.613939
87.500000	1308.571880
90.000000	1298.194295
92.500000	1288.840868
95.000000	1289.169140
97.500000	1272.351627
100.000000	1257.625735
102.500000	1267.920853
105.000000	1245.605386
107.500000	1248.738049
110.000000	1247.197337
