12.500000	522.973878
15.000000	496.369187
17.500000	477.849902
20.000000	453.838719
22.500000	451.838843
25.000000	472.614540
27.500000	460.929859
30.000000	480.700526
32.500000	488.407374
35.000000	524.685315
37.500000	539.010057
40.000000	570.647012
42.500000	590.213050
45.000000	619.613808
47.500000	614.179273
50.000000	617.753505
52.500000	678.011146
55.000000	671.085593
57.500000	723.096463
60.000000	742.581197
62.500000	750.597614
65.000000	743.363554
67.500000	829.130250
70.000000	834.848393
72.500000	909.558813
75.000000	847.380092
77.500000	894.442635
80.000000	951.807676
82.500000	955.896085
85.000000	938.446197
87.500000	974.897587
90.000000	1008.465432
92.500000	1036.582914
95.000000	1131.527184
97.500000	1151.766145
100.000000	1131.372976
102.500000	1128.289811
105.000000	1142.054176
107.500000	1203.184139
110.000000	1251.972902
