12.500000	5409.793634
15.000000	4641.495058
17.500000	4068.679266
20.000000	3571.588298
22.500000	3210.424320
25.000000	2921.702080
27.500000	2659.996920
30.000000	2469.552172
32.500000	2293.880248
35.000000	2138.344051
37.500000	1999.185171
40.000000	1893.261150
42.500000	1785.691899
45.000000	1688.612621
47.500000	1612.870525
50.000000	1535.844335
52.500000	1470.539675
55.000000	1408.408708
57.500000	1342.986643
60.000000	1310.763264
62.500000	1262.661395
65.000000	1211.816375
67.500000	1180.433258
70.000000	1142.071835
72.500000	1107.565335
75.000000	1068.772089
77.500000	1042.770589
80.000000	1014.172374
82.500000	990.118741
85.000000	969.006639
87.500000	944.321881
90.000000	925.547863
92.500000	902.976895
95.000000	885.517266
97.500000	872.717732
100.000000	848.308255
102.500000	829.382205
105.000000	818.806074
107.500000	805.655905
110.000000	794.393106
