Relaxation	TimeSeparation

1.000000	0
0.995038	0
0.987641	0
0.979679	0
0.971624	0
0.963592	0
0.955619	0
0.947711	0
0.939862	0
0.932079	0
0.924361	0
0.916713	1
0.909130	1
0.901610	1
0.894150	1
0.886743	1
0.879376	1
0.872061	1
0.864803	1
0.857610	1
0.850484	2
0.843418	2
0.836405	2
0.829447	2
0.822552	2
0.815719	2
0.808945	2
0.802225	2
0.795566	2
0.788961	2
0.782412	3
0.775905	3
0.769442	3
0.763023	3
0.756648	3
0.750320	3
0.744037	3
0.737796	3
0.731595	3
0.725440	3
0.719339	4
0.713283	4
0.707278	4
0.701325	4
0.695411	4
0.689547	4
0.683740	4
0.677973	4
0.672250	4
0.666560	4
0.660909	4
0.655295	5
0.649714	5
0.644176	5
0.638693	5
0.633258	5
0.627871	5
0.622529	5
0.617239	5
0.611999	5
0.606803	5
0.601640	6
0.596518	6
0.591436	6
0.586391	6
0.581383	6
0.576416	6
0.571486	6
0.566599	6
0.561760	6
0.556966	6
0.552213	7
0.547502	7
0.542825	7
0.538182	7
0.533572	7
0.529005	7
0.524471	7
0.519966	7
0.515494	7
0.511051	7
0.506637	8
0.502241	8
0.497866	8
0.493517	8
0.489207	8
0.484931	8
0.480686	8
0.476495	8
0.472353	8
0.468261	8
0.464210	9
0.460208	9
0.456246	9
0.452319	9
0.448413	9
0.444533	9
0.440685	9
0.436873	9
0.433108	9
0.429377	9
0.425678	10
0.422011	10
0.418381	10
0.414792	10
0.411236	10
0.407713	10
0.404223	10
0.400781	10
0.397380	10
0.394021	10
0.390692	11
0.387393	11
0.384125	11
0.380886	11
0.377683	11
0.374516	11
0.371381	11
0.368275	11
0.365176	11
0.362094	11
0.359025	12
0.355984	12
0.352973	12
0.349987	12
0.347032	12
0.344117	12
0.341228	12
0.338352	12
0.335496	12
0.332650	12
0.329817	13
0.327002	13
0.324201	13
0.321423	13
0.318675	13
0.315946	13
0.313227	13
0.310531	13
0.307862	13
0.305205	13
0.302565	14
0.299940	14
0.297325	14
0.294723	14
0.292147	14
0.289581	14
0.287031	14
0.284509	14
0.282014	14
0.279547	14
0.277111	15
0.274694	15
0.272287	15
0.269898	15
0.267519	15
0.265174	15
0.262851	15
0.260559	15
0.258281	15
0.256012	15
0.253765	16
0.251529	16
0.249318	16
0.247127	16
0.244961	16
0.242821	16
0.240702	16
0.238604	16
0.236530	16
0.234470	16
0.232414	17
0.230367	17
0.228332	17
0.226305	17
0.224292	17
0.222292	17
0.220310	17
0.218357	17
0.216425	17
0.214513	17
0.212611	18
0.210731	18
0.208879	18
0.207047	18
0.205232	18
0.203427	18
0.201633	18
0.199844	18
0.198067	18
0.196313	19
0.194578	19
0.192855	19
0.191153	19
0.189469	19
0.187800	19
0.186142	19
0.184499	19
0.182873	19
0.181269	19
0.179688	20
0.178130	20
0.176586	20
0.175047	20
0.173523	20
0.172016	20
0.170520	20
0.169039	20
0.167570	20
0.166106	20
0.164650	21
0.163203	21
0.161759	21
0.160309	21
0.158862	21
0.157434	21
0.156021	21
0.154622	21
0.153244	21
0.151875	21
0.150521	22
0.149178	22
0.147838	22
0.146498	22
0.145171	22
0.143864	22
0.142557	22
0.141253	22
0.139953	22
0.138668	22
0.137404	23
0.136158	23
0.134934	23
0.133715	23
0.132494	23
0.131272	23
0.130053	23
0.128831	23
0.127619	23
0.126411	23
0.125223	24
0.124052	24
0.122897	24
0.121750	24
0.120614	24
0.119496	24
0.118404	24
0.117329	24
0.116281	24
0.115246	24
0.114222	25
0.113209	25
0.112203	25
0.111193	25
0.110195	25
0.109212	25
0.108235	25
0.107256	25
0.106294	25
0.105354	25
0.104440	26
0.103543	26
0.102663	26
0.101779	26
0.100893	26
0.100015	26
0.099139	26
0.098272	26
0.097420	26
0.096575	26
0.095730	27
0.094891	27
0.094053	27
0.093214	27
0.092383	27
0.091564	27
0.090759	27
0.089958	27
0.089158	27
0.088372	27
0.087588	28
0.086807	28
0.086030	28
0.085260	28
0.084494	28
0.083727	28
0.082968	28
0.082219	28
0.081477	28
0.080744	28
0.080015	29
0.079288	29
0.078563	29
0.077848	29
0.077139	29
0.076445	29
0.075754	29
0.075062	29
0.074369	29
0.073667	29
0.072971	30
0.072275	30
0.071576	30
0.070872	30
0.070174	30
0.069484	30
0.068800	30
0.068121	30
0.067452	30
0.066790	30
0.066121	31
0.065443	31
0.064774	31
0.064109	31
0.063436	31
0.062776	31
0.062126	31
0.061478	31
0.060833	31
0.060194	31
0.059572	32
0.058968	32
0.058370	32
0.057779	32
0.057202	32
0.056636	32
0.056091	32
0.055549	32
0.055001	32
0.054447	32
0.053897	33
0.053336	33
0.052786	33
0.052250	33
0.051727	33
0.051212	33
0.050692	33
0.050148	33
0.049603	33
0.049067	33
0.048542	34
0.048020	34
0.047496	34
0.046968	34
0.046445	34
0.045920	34
0.045399	34
0.044875	34
0.044347	34
0.043815	34
0.043291	35
0.042769	35
0.042263	35
0.041772	35
0.041285	35
0.040805	35
0.040324	35
0.039845	35
0.039358	35
0.038865	35
0.038374	36
0.037900	36
0.037432	36
0.036972	36
0.036505	36
0.036051	36
0.035607	36
0.035163	36
0.034711	36
0.034263	36
0.033814	37
0.033378	37
0.032950	37
0.032528	37
0.032121	37
0.031719	37
0.031329	37
0.030952	37
0.030584	37
0.030210	37
0.029847	38
0.029495	38
0.029145	38
0.028798	38
0.028455	38
0.028125	38
0.027798	38
0.027469	38
0.027134	38
0.026797	38
0.026465	39
0.026130	39
0.025796	39
0.025453	39
0.025119	39
0.024794	39
0.024477	39
0.024165	39
0.023855	39
0.023542	39
0.023229	40
0.022918	40
0.022605	40
0.022293	40
0.021975	40
0.021663	40
0.021366	40
0.021075	40
0.020786	40
0.020496	40
0.020209	41
0.019921	41
0.019640	41
0.019359	41
0.019077	41
0.018798	41
0.018528	41
0.018267	41
0.018008	41
0.017754	41
0.017495	42
0.017241	42
0.016980	42
0.016714	42
0.016456	42
0.016205	42
0.015958	42
0.015710	42
0.015471	42
0.015235	42
0.015008	43
0.014792	43
0.014575	43
0.014354	43
0.014126	43
0.013892	43
0.013661	43
0.013425	43
0.013190	43
0.012956	43
0.012719	44
0.012491	44
0.012275	44
0.012061	44
0.011847	44
0.011642	44
0.011441	44
0.011248	44
0.011057	44
0.010872	44
0.010702	45
0.010538	45
0.010358	45
0.010170	45
0.009989	45
0.009803	45
0.009611	45
0.009415	45
0.009223	45
0.009023	45
0.008822	46
0.008624	46
0.008429	46
0.008236	46
0.008051	46
0.007874	46
0.007699	46
0.007534	46
0.007380	46
0.007225	46
0.007069	47
0.006917	47
0.006769	47
0.006623	47
0.006470	47
0.006314	47
0.006163	47
0.006010	47
0.005851	47
0.005683	47
0.005515	48
0.005351	48
0.005189	48
0.005023	48
0.004853	48
0.004679	48
0.004506	48
0.004336	48
0.004166	48
0.004007	48
0.003853	49
0.003710	49
0.003580	49
0.003450	49
0.003332	49
0.003223	49
0.003118	49
0.003024	49
0.002924	49
0.002826	49
