Relaxation	TimeSeparation

1.000000	0
0.994989	0
0.987512	0
0.979482	0
0.971367	0
0.963267	0
0.955210	0
0.947209	0
0.939281	0
0.931418	0
0.923629	0
0.915906	1
0.908246	1
0.900643	1
0.893096	1
0.885612	1
0.878199	1
0.870854	1
0.863567	1
0.856330	1
0.849152	2
0.842038	2
0.834983	2
0.827998	2
0.821077	2
0.814215	2
0.807411	2
0.800671	2
0.793989	2
0.787357	2
0.780773	3
0.774237	3
0.767751	3
0.761307	3
0.754908	3
0.748552	3
0.742245	3
0.735998	3
0.729806	3
0.723680	3
0.717607	4
0.711570	4
0.705578	4
0.699634	4
0.693746	4
0.687923	4
0.682167	4
0.676456	4
0.670793	4
0.665169	4
0.659581	4
0.654035	5
0.648541	5
0.643088	5
0.637681	5
0.632324	5
0.627015	5
0.621758	5
0.616543	5
0.611368	5
0.606229	5
0.601119	6
0.596048	6
0.591019	6
0.586026	6
0.581078	6
0.576184	6
0.571335	6
0.566532	6
0.561785	6
0.557076	6
0.552416	7
0.547806	7
0.543253	7
0.538751	7
0.534291	7
0.529869	7
0.525480	7
0.521134	7
0.516830	7
0.512560	7
0.508328	8
0.504132	8
0.499970	8
0.495841	8
0.491741	8
0.487680	8
0.483657	8
0.479672	8
0.475721	8
0.471809	8
0.467937	9
0.464096	9
0.460266	9
0.456455	9
0.452674	9
0.448933	9
0.445235	9
0.441568	9
0.437927	9
0.434311	9
0.430733	10
0.427199	10
0.423703	10
0.420241	10
0.416812	10
0.413411	10
0.410045	10
0.406703	10
0.403388	10
0.400100	10
0.396829	11
0.393594	11
0.390397	11
0.387227	11
0.384072	11
0.380934	11
0.377825	11
0.374733	11
0.371673	11
0.368644	11
0.365635	12
0.362645	12
0.359682	12
0.356738	12
0.353820	12
0.350935	12
0.348087	12
0.345284	12
0.342505	12
0.339750	12
0.337014	13
0.334301	13
0.331614	13
0.328948	13
0.326300	13
0.323673	13
0.321075	13
0.318495	13
0.315933	13
0.313382	13
0.310839	14
0.308329	14
0.305849	14
0.303396	14
0.300965	14
0.298555	14
0.296162	14
0.293793	14
0.291445	14
0.289120	14
0.286809	15
0.284520	15
0.282262	15
0.280037	15
0.277845	15
0.275681	15
0.273546	15
0.271436	15
0.269349	15
0.267284	15
0.265236	16
0.263212	16
0.261207	16
0.259214	16
0.257237	16
0.255277	16
0.253330	16
0.251393	16
0.249487	16
0.247610	16
0.245752	17
0.243917	17
0.242098	17
0.240292	17
0.238499	17
0.236706	17
0.234933	17
0.233174	17
0.231428	17
0.229699	17
0.227990	18
0.226297	18
0.224622	18
0.222955	18
0.221299	18
0.219651	18
0.218011	18
0.216391	18
0.214783	18
0.213188	19
0.211602	19
0.210012	19
0.208421	19
0.206833	19
0.205249	19
0.203670	19
0.202113	19
0.200575	19
0.199050	19
0.197516	20
0.195986	20
0.194462	20
0.192953	20
0.191451	20
0.189954	20
0.188463	20
0.186966	20
0.185457	20
0.183950	20
0.182448	21
0.180952	21
0.179458	21
0.177977	21
0.176513	21
0.175073	21
0.173653	21
0.172245	21
0.170840	21
0.169447	21
0.168055	22
0.166668	22
0.165290	22
0.163925	22
0.162571	22
0.161238	22
0.159930	22
0.158646	22
0.157370	22
0.156115	22
0.154870	23
0.153619	23
0.152375	23
0.151134	23
0.149892	23
0.148645	23
0.147392	23
0.146141	23
0.144895	23
0.143648	23
0.142416	24
0.141188	24
0.139980	24
0.138787	24
0.137612	24
0.136455	24
0.135314	24
0.134185	24
0.133058	24
0.131943	24
0.130834	25
0.129725	25
0.128620	25
0.127530	25
0.126456	25
0.125401	25
0.124367	25
0.123344	25
0.122321	25
0.121311	25
0.120315	26
0.119323	26
0.118344	26
0.117376	26
0.116411	26
0.115445	26
0.114482	26
0.113536	26
0.112601	26
0.111675	26
0.110761	27
0.109849	27
0.108948	27
0.108068	27
0.107187	27
0.106306	27
0.105431	27
0.104573	27
0.103729	27
0.102886	27
0.102044	28
0.101213	28
0.100392	28
0.099580	28
0.098769	28
0.097964	28
0.097166	28
0.096378	28
0.095597	28
0.094824	28
0.094048	29
0.093275	29
0.092515	29
0.091767	29
0.091031	29
0.090302	29
0.089600	29
0.088907	29
0.088222	29
0.087544	29
0.086870	30
0.086184	30
0.085504	30
0.084821	30
0.084145	30
0.083472	30
0.082804	30
0.082133	30
0.081469	30
0.080816	30
0.080171	31
0.079527	31
0.078881	31
0.078231	31
0.077583	31
0.076940	31
0.076310	31
0.075681	31
0.075058	31
0.074451	31
0.073852	32
0.073265	32
0.072696	32
0.072139	32
0.071585	32
0.071029	32
0.070464	32
0.069897	32
0.069337	32
0.068783	32
0.068231	33
0.067694	33
0.067171	33
0.066661	33
0.066166	33
0.065678	33
0.065190	33
0.064688	33
0.064190	33
0.063698	33
0.063210	34
0.062733	34
0.062257	34
0.061795	34
0.061331	34
0.060872	34
0.060408	34
0.059946	34
0.059480	34
0.059019	34
0.058552	35
0.058079	35
0.057601	35
0.057120	35
0.056646	35
0.056183	35
0.055729	35
0.055290	35
0.054864	35
0.054460	35
0.054057	36
0.053663	36
0.053281	36
0.052902	36
0.052534	36
0.052169	36
0.051800	36
0.051433	36
0.051067	36
0.050710	36
0.050363	37
0.050012	37
0.049665	37
0.049328	37
0.049001	37
0.048679	37
0.048356	37
0.048035	37
0.047710	37
0.047383	37
0.047070	38
0.046761	38
0.046459	38
0.046166	38
0.045877	38
0.045596	38
0.045317	38
0.045038	38
0.044764	38
0.044498	38
0.044234	39
0.043965	39
0.043700	39
0.043446	39
0.043207	39
0.042975	39
0.042731	39
0.042480	39
0.042222	39
0.041972	39
0.041724	40
0.041478	40
0.041240	40
0.041008	40
0.040778	40
0.040542	40
0.040307	40
0.040079	40
0.039860	40
0.039648	40
0.039443	41
0.039237	41
0.039041	41
0.038850	41
0.038659	41
0.038465	41
0.038267	41
0.038063	41
0.037850	41
0.037635	41
0.037421	42
0.037203	42
0.036977	42
0.036744	42
0.036516	42
0.036288	42
0.036068	42
0.035854	42
0.035651	42
0.035454	42
0.035270	43
0.035093	43
0.034923	43
0.034750	43
0.034577	43
0.034400	43
0.034227	43
0.034060	43
0.033901	43
0.033753	43
0.033603	44
0.033460	44
0.033314	44
0.033170	44
0.033025	44
0.032881	44
0.032737	44
0.032603	44
0.032471	44
0.032343	44
0.032212	45
0.032074	45
0.031933	45
0.031780	45
0.031628	45
0.031473	45
0.031322	45
0.031169	45
0.031004	45
0.030842	45
0.030684	46
0.030529	46
0.030391	46
0.030248	46
0.030095	46
0.029935	46
0.029776	46
0.029610	46
0.029441	46
0.029262	46
0.029084	47
0.028901	47
0.028722	47
0.028552	47
0.028405	47
0.028276	47
0.028165	47
0.028053	47
0.027935	47
0.027809	47
0.027670	48
0.027527	48
0.027383	48
0.027247	48
0.027110	48
0.026980	48
0.026853	48
0.026743	48
0.026637	48
0.026535	48
0.026429	49
0.026330	49
0.026230	49
0.026132	49
0.026033	49
0.025928	49
0.025826	49
0.025723	49
0.025615	49
0.025504	49
