Lag Time	AutoCorrelation

0.000000	0.065878
0.100000	0.060677
0.200000	0.053417
0.300000	0.046419
0.400000	0.040200
0.500000	0.034817
0.600000	0.030164
0.700000	0.026146
0.800000	0.022615
0.900000	0.019552
1.000000	0.016882
1.100000	0.014570
1.200000	0.012566
1.300000	0.010840
1.400000	0.009310
1.500000	0.008031
1.600000	0.006932
1.700000	0.005988
1.800000	0.005166
1.900000	0.004445
2.000000	0.003779
2.100000	0.003246
2.200000	0.002753
2.300000	0.002338
2.400000	0.002030
2.500000	0.001812
2.600000	0.001602
2.700000	0.001380
2.800000	0.001206
2.900000	0.001061
3.000000	0.000915
3.100000	0.000819
3.200000	0.000757
3.300000	0.000750
3.400000	0.000806
3.500000	0.000877
3.600000	0.000954
3.700000	0.000998
3.800000	0.001063
3.900000	0.001160
4.000000	0.001216
4.100000	0.001241
4.200000	0.001235
4.300000	0.001251
4.400000	0.001317
4.500000	0.001374
4.600000	0.001384
4.700000	0.001354
4.800000	0.001242
4.900000	0.001045
5.000000	0.000807
5.100000	0.000539
5.200000	0.000306
5.300000	0.000124
5.400000	-0.000042
5.500000	-0.000179
5.600000	-0.000249
5.700000	-0.000276
5.800000	-0.000298
5.900000	-0.000288
6.000000	-0.000237
6.100000	-0.000186
6.200000	-0.000138
6.300000	-0.000104
6.400000	-0.000114
6.500000	-0.000116
6.600000	-0.000092
6.700000	-0.000058
6.800000	0.000020
6.900000	0.000094
7.000000	0.000137
7.100000	0.000120
7.200000	0.000064
7.300000	0.000032
7.400000	0.000016
7.500000	0.000052
7.600000	0.000082
7.700000	0.000114
7.800000	0.000156
7.900000	0.000255
8.000000	0.000322
8.100000	0.000311
8.200000	0.000242
8.300000	0.000156
8.400000	0.000071
8.500000	0.000005
8.600000	-0.000056
8.700000	-0.000087
8.800000	-0.000138
8.900000	-0.000218
9.000000	-0.000282
9.100000	-0.000329
9.200000	-0.000325
9.300000	-0.000331
9.400000	-0.000316
9.500000	-0.000246
9.600000	-0.000148
9.700000	-0.000076
9.800000	-0.000099
9.900000	-0.000148
10.000000	-0.000175
10.100000	-0.000160
10.200000	-0.000158
10.300000	-0.000127
10.400000	-0.000104
10.500000	-0.000095
10.600000	-0.000097
10.700000	-0.000109
10.800000	-0.000089
10.900000	-0.000078
11.000000	-0.000120
11.100000	-0.000149
11.200000	-0.000197
11.300000	-0.000263
11.400000	-0.000325
11.500000	-0.000381
11.600000	-0.000422
11.700000	-0.000461
11.800000	-0.000468
11.900000	-0.000447
12.000000	-0.000385
12.100000	-0.000323
12.200000	-0.000255
12.300000	-0.000195
12.400000	-0.000123
12.500000	-0.000098
12.600000	-0.000062
12.700000	-0.000068
12.800000	-0.000029
12.900000	0.000068
13.000000	0.000180
13.100000	0.000300
13.200000	0.000418
13.300000	0.000479
13.400000	0.000462
13.500000	0.000403
13.600000	0.000339
13.700000	0.000285
13.800000	0.000289
13.900000	0.000317
14.000000	0.000343
14.100000	0.000344
14.200000	0.000339
14.300000	0.000287
14.400000	0.000179
14.500000	0.000101
14.600000	0.000071
14.700000	0.000037
14.800000	0.000000
14.900000	-0.000026
15.000000	-0.000009
15.100000	0.000022
15.200000	0.000030
15.300000	0.000048
15.400000	0.000069
15.500000	0.000085
15.600000	0.000135
15.700000	0.000251
15.800000	0.000424
15.900000	0.000604
16.000000	0.000741
16.100000	0.000834
16.200000	0.000913
16.300000	0.000992
16.400000	0.001097
16.500000	0.001162
16.600000	0.001234
16.700000	0.001290
16.800000	0.001326
16.900000	0.001361
17.000000	0.001376
17.100000	0.001413
17.200000	0.001427
17.300000	0.001443
17.400000	0.001426
17.500000	0.001395
17.600000	0.001396
17.700000	0.001430
17.800000	0.001430
17.900000	0.001377
18.000000	0.001325
18.100000	0.001290
18.200000	0.001308
18.300000	0.001368
18.400000	0.001424
18.500000	0.001457
18.600000	0.001469
18.700000	0.001438
18.800000	0.001335
18.900000	0.001227
19.000000	0.001143
19.100000	0.001058
19.200000	0.000895
19.300000	0.000729
19.400000	0.000539
19.500000	0.000311
19.600000	0.000098
19.700000	-0.000062
19.800000	-0.000185
19.900000	-0.000269
20.000000	-0.000330
20.100000	-0.000388
20.200000	-0.000440
20.300000	-0.000451
20.400000	-0.000429
20.500000	-0.000375
20.600000	-0.000321
20.700000	-0.000287
20.800000	-0.000301
20.900000	-0.000289
21.000000	-0.000220
21.100000	-0.000126
21.200000	-0.000038
21.300000	0.000004
21.400000	0.000001
21.500000	-0.000039
21.600000	-0.000045
21.700000	-0.000022
21.800000	0.000012
21.900000	0.000010
22.000000	-0.000028
22.100000	-0.000048
22.200000	-0.000075
22.300000	-0.000112
22.400000	-0.000154
22.500000	-0.000198
22.600000	-0.000237
22.700000	-0.000324
22.800000	-0.000432
22.900000	-0.000493
23.000000	-0.000454
23.100000	-0.000383
23.200000	-0.000289
23.300000	-0.000226
23.400000	-0.000212
23.500000	-0.000237
23.600000	-0.000267
23.700000	-0.000296
23.800000	-0.000352
23.900000	-0.000432
24.000000	-0.000475
24.100000	-0.000513
24.200000	-0.000584
24.300000	-0.000678
24.400000	-0.000816
24.500000	-0.000961
24.600000	-0.001128
24.700000	-0.001279
24.800000	-0.001431
24.900000	-0.001558
25.000000	-0.001563
25.100000	-0.001529
25.200000	-0.001463
25.300000	-0.001360
25.400000	-0.001241
25.500000	-0.001148
25.600000	-0.001116
25.700000	-0.001090
25.800000	-0.001045
25.900000	-0.001009
26.000000	-0.000955
26.100000	-0.000880
26.200000	-0.000794
26.300000	-0.000691
26.400000	-0.000598
26.500000	-0.000504
26.600000	-0.000443
26.700000	-0.000448
26.800000	-0.000484
26.900000	-0.000520
27.000000	-0.000558
27.100000	-0.000635
27.200000	-0.000696
27.300000	-0.000724
27.400000	-0.000733
27.500000	-0.000750
27.600000	-0.000807
27.700000	-0.000863
27.800000	-0.000891
27.900000	-0.000843
28.000000	-0.000768
28.100000	-0.000715
28.200000	-0.000613
28.300000	-0.000494
28.400000	-0.000391
28.500000	-0.000322
28.600000	-0.000273
28.700000	-0.000253
28.800000	-0.000302
28.900000	-0.000415
29.000000	-0.000516
29.100000	-0.000532
29.200000	-0.000488
29.300000	-0.000424
29.400000	-0.000358
29.500000	-0.000263
29.600000	-0.000197
29.700000	-0.000130
29.800000	-0.000025
29.900000	0.000071
30.000000	0.000160
30.100000	0.000216
30.200000	0.000245
30.300000	0.000227
30.400000	0.000170
30.500000	0.000108
30.600000	0.000049
30.700000	0.000069
30.800000	0.000138
30.900000	0.000169
31.000000	0.000119
31.100000	-0.000010
31.200000	-0.000183
31.300000	-0.000367
31.400000	-0.000531
31.500000	-0.000619
31.600000	-0.000632
31.700000	-0.000617
31.800000	-0.000553
31.900000	-0.000509
32.000000	-0.000552
32.100000	-0.000690
32.200000	-0.000812
32.300000	-0.000905
32.400000	-0.000989
32.500000	-0.001066
32.600000	-0.001111
32.700000	-0.001141
32.800000	-0.001153
32.900000	-0.001109
33.000000	-0.001032
33.100000	-0.000966
33.200000	-0.000927
33.300000	-0.000895
33.400000	-0.000867
33.500000	-0.000805
33.600000	-0.000749
33.700000	-0.000726
33.800000	-0.000736
33.900000	-0.000795
34.000000	-0.000879
34.100000	-0.000954
34.200000	-0.000964
34.300000	-0.000920
34.400000	-0.000808
34.500000	-0.000655
34.600000	-0.000557
34.700000	-0.000497
34.800000	-0.000430
34.900000	-0.000380
35.000000	-0.000346
35.100000	-0.000291
35.200000	-0.000293
35.300000	-0.000321
35.400000	-0.000360
35.500000	-0.000377
35.600000	-0.000377
35.700000	-0.000350
35.800000	-0.000299
35.900000	-0.000229
36.000000	-0.000158
36.100000	-0.000074
36.200000	-0.000016
36.300000	0.000060
36.400000	0.000166
36.500000	0.000238
36.600000	0.000305
36.700000	0.000396
36.800000	0.000495
36.900000	0.000593
37.000000	0.000596
37.100000	0.000547
37.200000	0.000504
37.300000	0.000426
37.400000	0.000377
37.500000	0.000355
37.600000	0.000354
37.700000	0.000394
37.800000	0.000442
37.900000	0.000521
38.000000	0.000591
38.100000	0.000631
38.200000	0.000656
38.300000	0.000638
38.400000	0.000634
38.500000	0.000617
38.600000	0.000562
38.700000	0.000513
38.800000	0.000465
38.900000	0.000390
39.000000	0.000309
39.100000	0.000252
39.200000	0.000213
39.300000	0.000163
39.400000	0.000156
39.500000	0.000115
39.600000	0.000081
39.700000	0.000059
39.800000	0.000040
39.900000	0.000033
40.000000	0.000039
40.100000	0.000057
40.200000	0.000041
40.300000	0.000081
40.400000	0.000120
40.500000	0.000145
40.600000	0.000136
40.700000	0.000125
40.800000	0.000084
40.900000	0.000027
41.000000	-0.000044
41.100000	-0.000088
41.200000	-0.000113
41.300000	-0.000177
41.400000	-0.000262
41.500000	-0.000346
41.600000	-0.000395
41.700000	-0.000412
41.800000	-0.000426
41.900000	-0.000392
42.000000	-0.000311
42.100000	-0.000233
42.200000	-0.000148
42.300000	-0.000087
42.400000	-0.000027
42.500000	0.000072
42.600000	0.000198
42.700000	0.000276
42.800000	0.000245
42.900000	0.000104
43.000000	-0.000075
43.100000	-0.000234
43.200000	-0.000348
43.300000	-0.000478
43.400000	-0.000548
43.500000	-0.000586
43.600000	-0.000671
43.700000	-0.000754
43.800000	-0.000761
43.900000	-0.000734
44.000000	-0.000657
44.100000	-0.000583
44.200000	-0.000523
44.300000	-0.000516
44.400000	-0.000527
44.500000	-0.000555
44.600000	-0.000589
44.700000	-0.000589
44.800000	-0.000539
44.900000	-0.000462
45.000000	-0.000391
45.100000	-0.000344
45.200000	-0.000351
45.300000	-0.000355
45.400000	-0.000361
45.500000	-0.000342
45.600000	-0.000307
45.700000	-0.000322
45.800000	-0.000326
45.900000	-0.000281
46.000000	-0.000196
46.100000	-0.000117
46.200000	-0.000011
46.300000	0.000082
46.400000	0.000145
46.500000	0.000215
46.600000	0.000256
46.700000	0.000307
46.800000	0.000355
46.900000	0.000380
47.000000	0.000343
47.100000	0.000296
47.200000	0.000275
47.300000	0.000247
47.400000	0.000201
47.500000	0.000120
47.600000	-0.000007
47.700000	-0.000087
47.800000	-0.000146
47.900000	-0.000188
48.000000	-0.000199
48.100000	-0.000233
48.200000	-0.000288
48.300000	-0.000382
48.400000	-0.000461
48.500000	-0.000558
48.600000	-0.000651
48.700000	-0.000681
48.800000	-0.000693
48.900000	-0.000744
49.000000	-0.000881
49.100000	-0.001049
49.200000	-0.001136
49.300000	-0.001158
49.400000	-0.001132
49.500000	-0.001100
49.600000	-0.001046
49.700000	-0.001006
49.800000	-0.000960
49.900000	-0.000869
50.000000	-0.000760
50.100000	-0.000639
50.200000	-0.000511
50.300000	-0.000360
50.400000	-0.000166
50.500000	0.000007
50.600000	0.000168
50.700000	0.000341
50.800000	0.000498
50.900000	0.000610
51.000000	0.000637
51.100000	0.000566
51.200000	0.000427
51.300000	0.000323
51.400000	0.000258
51.500000	0.000176
51.600000	0.000111
51.700000	0.000060
51.800000	0.000040
51.900000	0.000050
52.000000	0.000052
52.100000	0.000052
52.200000	0.000075
52.300000	0.000126
52.400000	0.000183
52.500000	0.000204
52.600000	0.000237
52.700000	0.000322
52.800000	0.000400
52.900000	0.000428
53.000000	0.000424
53.100000	0.000408
53.200000	0.000374
53.300000	0.000319
53.400000	0.000246
53.500000	0.000219
53.600000	0.000253
53.700000	0.000283
53.800000	0.000299
53.900000	0.000294
54.000000	0.000257
54.100000	0.000205
54.200000	0.000198
54.300000	0.000274
54.400000	0.000350
54.500000	0.000372
54.600000	0.000370
54.700000	0.000333
54.800000	0.000324
54.900000	0.000317
55.000000	0.000327
55.100000	0.000292
55.200000	0.000196
55.300000	0.000063
55.400000	-0.000069
55.500000	-0.000182
55.600000	-0.000291
55.700000	-0.000386
55.800000	-0.000446
55.900000	-0.000442
56.000000	-0.000432
56.100000	-0.000459
56.200000	-0.000527
56.300000	-0.000614
56.400000	-0.000699
56.500000	-0.000817
56.600000	-0.000929
56.700000	-0.001014
56.800000	-0.001088
56.900000	-0.001140
57.000000	-0.001093
57.100000	-0.001014
57.200000	-0.000885
57.300000	-0.000722
57.400000	-0.000520
57.500000	-0.000332
57.600000	-0.000177
57.700000	-0.000082
57.800000	-0.000027
57.900000	-0.000027
58.000000	-0.000021
58.100000	0.000051
58.200000	0.000125
58.300000	0.000197
58.400000	0.000260
58.500000	0.000312
58.600000	0.000378
58.700000	0.000409
58.800000	0.000449
58.900000	0.000516
59.000000	0.000552
59.100000	0.000592
59.200000	0.000635
59.300000	0.000676
59.400000	0.000687
59.500000	0.000713
59.600000	0.000745
59.700000	0.000808
59.800000	0.000882
59.900000	0.000900
60.000000	0.000884
60.100000	0.000886
60.200000	0.000887
60.300000	0.000902
60.400000	0.000904
60.500000	0.000867
60.600000	0.000819
60.700000	0.000754
60.800000	0.000716
60.900000	0.000715
61.000000	0.000707
61.100000	0.000684
61.200000	0.000661
61.300000	0.000631
61.400000	0.000592
61.500000	0.000509
61.600000	0.000436
61.700000	0.000415
61.800000	0.000398
61.900000	0.000388
62.000000	0.000389
62.100000	0.000359
62.200000	0.000305
62.300000	0.000173
62.400000	0.000082
62.500000	0.000016
62.600000	-0.000017
62.700000	-0.000023
62.800000	-0.000008
62.900000	0.000040
63.000000	0.000065
63.100000	0.000013
63.200000	-0.000065
63.300000	-0.000147
63.400000	-0.000233
63.500000	-0.000330
63.600000	-0.000396
63.700000	-0.000462
63.800000	-0.000507
63.900000	-0.000556
64.000000	-0.000642
64.100000	-0.000739
64.200000	-0.000801
64.300000	-0.000864
64.400000	-0.000894
64.500000	-0.000875
64.600000	-0.000812
64.700000	-0.000712
64.800000	-0.000590
64.900000	-0.000450
65.000000	-0.000295
65.100000	-0.000160
65.200000	-0.000017
65.300000	0.000105
65.400000	0.000223
65.500000	0.000356
65.600000	0.000457
65.700000	0.000522
65.800000	0.000605
65.900000	0.000683
66.000000	0.000685
66.100000	0.000596
66.200000	0.000476
66.300000	0.000426
66.400000	0.000392
66.500000	0.000368
66.600000	0.000357
66.700000	0.000374
66.800000	0.000412
66.900000	0.000470
67.000000	0.000533
67.100000	0.000618
67.200000	0.000671
67.300000	0.000642
67.400000	0.000571
67.500000	0.000436
67.600000	0.000265
67.700000	0.000108
67.800000	-0.000031
67.900000	-0.000109
68.000000	-0.000174
68.100000	-0.000247
68.200000	-0.000344
68.300000	-0.000446
68.400000	-0.000527
68.500000	-0.000551
68.600000	-0.000573
68.700000	-0.000614
68.800000	-0.000691
68.900000	-0.000723
69.000000	-0.000739
69.100000	-0.000769
69.200000	-0.000835
69.300000	-0.000908
69.400000	-0.000952
69.500000	-0.001005
69.600000	-0.001057
69.700000	-0.001069
69.800000	-0.001060
69.900000	-0.001027
70.000000	-0.000989
70.100000	-0.000913
70.200000	-0.000803
70.300000	-0.000658
70.400000	-0.000462
70.500000	-0.000247
70.600000	-0.000008
70.700000	0.000178
70.800000	0.000316
70.900000	0.000418
71.000000	0.000521
71.100000	0.000623
71.200000	0.000696
71.300000	0.000774
71.400000	0.000815
71.500000	0.000793
71.600000	0.000720
71.700000	0.000613
71.800000	0.000481
71.900000	0.000393
72.000000	0.000307
72.100000	0.000246
72.200000	0.000187
72.300000	0.000099
72.400000	0.000026
72.500000	-0.000034
72.600000	-0.000113
72.700000	-0.000164
72.800000	-0.000208
72.900000	-0.000253
73.000000	-0.000276
73.100000	-0.000302
73.200000	-0.000365
73.300000	-0.000462
73.400000	-0.000559
73.500000	-0.000615
73.600000	-0.000628
73.700000	-0.000584
73.800000	-0.000511
73.900000	-0.000480
74.000000	-0.000452
74.100000	-0.000450
74.200000	-0.000440
74.300000	-0.000434
74.400000	-0.000455
74.500000	-0.000461
74.600000	-0.000447
74.700000	-0.000403
74.800000	-0.000352
74.900000	-0.000359
