5.000000	1005.603682
7.500000	707.423761
10.000000	596.847138
12.500000	524.554893
15.000000	500.012709
17.500000	479.578702
20.000000	473.813885
22.500000	440.060848
25.000000	468.867360
27.500000	541.780093
30.000000	494.584403
32.500000	563.625553
35.000000	575.683663
37.500000	551.147544
40.000000	579.914949
42.500000	579.134673
45.000000	625.752697
47.500000	662.069945
50.000000	624.238390
52.500000	768.271745
55.000000	670.766894
57.500000	713.421083
60.000000	735.374250
62.500000	851.749547
65.000000	842.764944
67.500000	733.064463
70.000000	858.962458
72.500000	963.213860
75.000000	1027.443670
77.500000	928.979528
80.000000	957.155111
82.500000	913.760657
85.000000	969.381059
87.500000	921.848540
90.000000	1129.717076
92.500000	1052.854910
95.000000	1127.666672
97.500000	1253.175371
100.000000	1136.054036
102.500000	1078.348019
105.000000	1237.851939
107.500000	1260.343466
110.000000	1157.003827
112.500000	1293.794138
115.000000	1334.014571
117.500000	1403.515354
120.000000	1253.808228
122.500000	1374.486532
125.000000	1373.876947
127.500000	1469.819523
130.000000	1442.526997
132.500000	1443.257787
135.000000	1561.030058
137.500000	1600.350830
140.000000	1530.897817
142.500000	1603.698946
145.000000	1572.498711
147.500000	1615.739880
150.000000	1755.983871
152.500000	1857.460602
155.000000	1833.256205
157.500000	1818.869762
160.000000	1826.918159
162.500000	1750.155942
165.000000	2008.235811
167.500000	1833.575679
170.000000	1934.999339
172.500000	1980.518558
175.000000	1917.966011
177.500000	2155.140394
180.000000	2043.274423
182.500000	1986.303379
185.000000	2034.270917
187.500000	2050.428674
190.000000	2035.229737
192.500000	2236.079056
195.000000	2104.279398
197.500000	2171.059271
200.000000	2057.548517
202.500000	2276.307652
