5.000000	917.479276
7.500000	646.346953
10.000000	520.437207
12.500000	435.754104
15.000000	392.655866
17.500000	371.832903
20.000000	345.796217
22.500000	344.138384
25.000000	327.913840
27.500000	318.090233
30.000000	326.501242
32.500000	328.730011
35.000000	332.350456
37.500000	319.994578
40.000000	342.477798
42.500000	342.723738
45.000000	360.685404
47.500000	370.123454
50.000000	366.235714
52.500000	380.391023
55.000000	387.977659
57.500000	402.617002
60.000000	393.672941
62.500000	406.177567
65.000000	420.967303
67.500000	442.251908
70.000000	453.877596
72.500000	456.448842
75.000000	476.227486
77.500000	494.353579
80.000000	491.476387
82.500000	501.210622
85.000000	527.680858
87.500000	546.029649
90.000000	533.989709
92.500000	538.843554
95.000000	555.000105
97.500000	598.219610
100.000000	586.726442
102.500000	595.864686
105.000000	609.763627
107.500000	607.610112
110.000000	641.178742
112.500000	661.683895
115.000000	656.765583
117.500000	700.586345
120.000000	685.024436
122.500000	684.479095
125.000000	708.878042
127.500000	714.070812
130.000000	752.010777
132.500000	746.574707
135.000000	764.080006
137.500000	784.148715
140.000000	792.866850
142.500000	783.530802
145.000000	814.308552
147.500000	815.506171
150.000000	851.031034
152.500000	867.176200
155.000000	854.194116
157.500000	852.159654
160.000000	877.743471
162.500000	913.623098
165.000000	927.098693
167.500000	937.085668
170.000000	924.023768
172.500000	920.964015
175.000000	944.490607
177.500000	959.029762
180.000000	1000.327858
182.500000	972.115412
185.000000	1029.809793
187.500000	1010.109957
190.000000	1007.117519
192.500000	1037.711739
195.000000	1036.757742
197.500000	1069.394417
200.000000	1101.189178
202.500000	1089.984826
