5.000000	687.131496
7.500000	524.017163
10.000000	424.612879
12.500000	354.223451
15.000000	306.621644
17.500000	276.782286
20.000000	253.860734
22.500000	235.110875
25.000000	216.284780
27.500000	201.139390
30.000000	192.385412
32.500000	191.040722
35.000000	182.324802
37.500000	174.931891
40.000000	174.004038
42.500000	167.628477
45.000000	168.819687
47.500000	170.855586
50.000000	165.241828
52.500000	164.384741
55.000000	163.893477
57.500000	165.722389
60.000000	162.677903
62.500000	163.286816
65.000000	161.917443
67.500000	168.100461
70.000000	172.034385
72.500000	170.665850
75.000000	176.203981
77.500000	177.355812
80.000000	172.348880
82.500000	175.507513
85.000000	183.536699
87.500000	185.415515
90.000000	180.923870
92.500000	183.352473
95.000000	184.917157
97.500000	196.154770
100.000000	189.722531
102.500000	193.064220
105.000000	198.801286
107.500000	194.890083
110.000000	204.747801
112.500000	207.729790
115.000000	204.457462
117.500000	216.735759
120.000000	215.004835
122.500000	211.758023
125.000000	217.392821
127.500000	219.385953
130.000000	228.318638
132.500000	225.045773
135.000000	230.086807
137.500000	235.620731
140.000000	239.707034
142.500000	232.995005
145.000000	236.926575
147.500000	242.107249
150.000000	250.041638
152.500000	254.528363
155.000000	243.715238
157.500000	246.159623
160.000000	260.788681
162.500000	270.577054
165.000000	272.774058
167.500000	269.748415
170.000000	266.556762
172.500000	267.094759
175.000000	274.698217
177.500000	272.891744
180.000000	284.516485
182.500000	278.771294
185.000000	291.540166
187.500000	285.597078
190.000000	291.622636
192.500000	291.986965
195.000000	294.481716
197.500000	302.920845
200.000000	314.022833
202.500000	316.302233
