5.000000	13200.579012
7.500000	9250.761131
10.000000	7185.730563
12.500000	5841.554361
15.000000	4920.683755
17.500000	4281.443359
20.000000	3797.021992
22.500000	3386.133925
25.000000	3086.898232
27.500000	2818.133693
30.000000	2626.452133
32.500000	2434.133340
35.000000	2280.447785
37.500000	2163.899150
40.000000	2047.785647
42.500000	1939.316044
45.000000	1866.880442
47.500000	1793.857236
50.000000	1711.608813
52.500000	1652.607641
55.000000	1603.674469
57.500000	1554.478845
60.000000	1508.084389
62.500000	1490.209091
65.000000	1437.300352
67.500000	1402.982764
70.000000	1358.150271
72.500000	1352.176930
75.000000	1332.003546
77.500000	1307.110179
80.000000	1280.183168
82.500000	1265.613523
85.000000	1230.966973
87.500000	1212.042759
90.000000	1203.051155
92.500000	1189.822451
95.000000	1179.356340
97.500000	1179.091657
100.000000	1169.449733
102.500000	1153.437125
105.000000	1133.082119
107.500000	1168.369140
110.000000	1132.713166
112.500000	1148.629370
115.000000	1126.810340
117.500000	1126.359056
120.000000	1123.434060
122.500000	1112.203122
125.000000	1115.776808
127.500000	1127.897922
130.000000	1096.649641
132.500000	1104.903362
135.000000	1108.800926
137.500000	1108.822233
140.000000	1118.628562
142.500000	1100.475042
145.000000	1112.800683
147.500000	1157.454160
150.000000	1126.846110
152.500000	1115.696186
155.000000	1106.606624
157.500000	1125.182332
160.000000	1127.240580
162.500000	1145.208702
165.000000	1137.521790
167.500000	1135.288430
170.000000	1152.001852
172.500000	1131.124116
175.000000	1142.518607
177.500000	1137.745797
180.000000	1173.614668
182.500000	1170.660277
185.000000	1166.665496
187.500000	1152.407192
190.000000	1166.363791
192.500000	1199.650024
195.000000	1174.411672
197.500000	1181.995586
200.000000	1187.589449
202.500000	1203.116912
