5.000000	3655.306243
7.500000	2523.810141
10.000000	1958.510260
12.500000	1605.752557
15.000000	1399.053948
17.500000	1232.007230
20.000000	1125.162634
22.500000	1048.480093
25.000000	1009.184679
27.500000	975.135870
30.000000	917.647159
32.500000	872.854631
35.000000	865.000548
37.500000	871.417759
40.000000	856.997412
42.500000	828.054944
45.000000	883.367634
47.500000	827.835929
50.000000	901.137787
52.500000	830.289533
55.000000	890.723393
57.500000	892.036269
60.000000	880.402295
62.500000	904.355743
65.000000	917.872811
67.500000	906.418022
70.000000	956.649995
72.500000	904.648390
75.000000	961.755025
77.500000	1014.176781
80.000000	984.254178
82.500000	990.554623
85.000000	1021.740979
87.500000	1104.259393
90.000000	1052.892850
92.500000	1063.340973
95.000000	1077.300822
97.500000	1114.708179
100.000000	1148.441373
102.500000	1291.308795
105.000000	1186.344082
107.500000	1197.315941
110.000000	1281.700930
112.500000	1282.840987
115.000000	1269.009025
117.500000	1278.120774
120.000000	1291.285633
122.500000	1344.391233
125.000000	1334.327939
127.500000	1382.818753
130.000000	1373.362422
132.500000	1438.342435
135.000000	1383.161498
137.500000	1476.200703
140.000000	1467.736813
142.500000	1508.079922
145.000000	1567.783390
147.500000	1512.139193
150.000000	1580.850271
152.500000	1610.693817
155.000000	1661.906602
157.500000	1621.356752
160.000000	1618.311880
162.500000	1671.361910
165.000000	1688.021065
167.500000	1725.378775
170.000000	1699.763623
172.500000	1833.011521
175.000000	1735.896489
177.500000	1771.204840
180.000000	1840.506184
182.500000	1819.880653
185.000000	1869.608060
187.500000	1873.967173
190.000000	1893.790433
192.500000	1857.254580
195.000000	2014.454207
197.500000	1891.362528
200.000000	1921.859650
202.500000	2024.532801
