5.000000	1230.170070
7.500000	1099.873994
10.000000	989.263360
12.500000	899.370496
15.000000	812.007155
17.500000	745.738082
20.000000	686.857321
22.500000	638.324009
25.000000	595.392323
27.500000	560.274284
30.000000	522.415728
32.500000	494.676246
35.000000	466.948952
37.500000	444.079406
40.000000	422.645349
42.500000	400.686235
45.000000	384.797362
47.500000	366.397148
50.000000	356.935461
52.500000	340.512608
55.000000	327.536773
57.500000	318.181726
60.000000	305.584192
62.500000	296.842140
65.000000	285.853244
67.500000	279.612754
70.000000	273.044778
72.500000	261.239702
75.000000	260.162965
77.500000	252.124019
80.000000	245.814479
82.500000	240.348587
85.000000	237.225764
87.500000	231.593590
90.000000	227.504780
92.500000	221.885239
95.000000	216.829710
97.500000	213.844217
100.000000	212.746491
102.500000	211.050907
105.000000	206.690220
107.500000	202.583514
110.000000	202.014570
112.500000	197.157479
115.000000	194.370520
117.500000	191.557200
120.000000	187.783488
122.500000	188.207941
125.000000	182.694168
127.500000	181.503494
130.000000	180.243399
132.500000	180.506820
135.000000	176.188521
137.500000	178.090065
140.000000	173.008959
142.500000	172.515926
145.000000	172.861578
147.500000	169.530160
150.000000	168.903911
152.500000	169.179172
155.000000	168.959494
157.500000	163.382604
160.000000	164.796598
162.500000	163.679090
165.000000	163.070454
167.500000	162.155263
170.000000	160.757791
172.500000	162.089675
175.000000	159.630514
177.500000	159.071378
180.000000	158.874266
182.500000	155.240892
185.000000	156.314621
187.500000	155.736988
190.000000	154.960842
192.500000	154.446578
195.000000	158.085236
197.500000	151.987364
200.000000	151.521951
202.500000	156.658633
