5.000000	85.813806
7.500000	78.054036
10.000000	93.947066
12.500000	121.720550
15.000000	101.268342
17.500000	168.990365
20.000000	127.836645
22.500000	175.929383
25.000000	178.651263
27.500000	159.821306
30.000000	152.295254
32.500000	185.553468
35.000000	202.067263
37.500000	219.993052
40.000000	256.044546
42.500000	273.825139
45.000000	264.845383
47.500000	274.666306
50.000000	270.304399
52.500000	340.182368
55.000000	308.570373
57.500000	353.185151
60.000000	383.362177
62.500000	351.660204
65.000000	382.442357
67.500000	385.308373
70.000000	357.626049
72.500000	361.185359
75.000000	412.112225
77.500000	429.420668
80.000000	384.177986
82.500000	385.945355
85.000000	448.993740
87.500000	467.790943
90.000000	487.515855
92.500000	465.210998
95.000000	499.606101
97.500000	463.170459
100.000000	516.148216
102.500000	490.968368
105.000000	534.404701
107.500000	543.890940
110.000000	597.595533
112.500000	627.262891
115.000000	612.512274
117.500000	636.233217
120.000000	528.026725
122.500000	625.116772
125.000000	529.978862
127.500000	645.864874
130.000000	631.358151
132.500000	675.144606
135.000000	639.227898
137.500000	758.176242
140.000000	717.354352
142.500000	678.842283
145.000000	772.487356
147.500000	833.181092
150.000000	756.285963
152.500000	774.019746
155.000000	745.606050
157.500000	654.126530
160.000000	765.698043
162.500000	756.336472
165.000000	879.075116
167.500000	766.517667
170.000000	902.248791
172.500000	847.060251
175.000000	821.075304
177.500000	841.756116
180.000000	1047.069733
182.500000	900.747933
185.000000	831.735317
187.500000	924.777604
190.000000	872.952234
192.500000	956.840404
195.000000	916.140000
197.500000	938.525255
200.000000	1008.271084
202.500000	896.061290
