5.000000	15276.497227
7.500000	10242.448558
10.000000	7705.067751
12.500000	6242.692270
15.000000	5273.991244
17.500000	4596.970555
20.000000	4052.997288
22.500000	3650.383942
25.000000	3346.829302
27.500000	3105.081046
30.000000	2880.008042
32.500000	2712.439769
35.000000	2578.681693
37.500000	2447.646641
40.000000	2360.787753
42.500000	2274.080239
45.000000	2186.604075
47.500000	2150.291020
50.000000	2093.380617
52.500000	2057.944525
55.000000	1987.779710
57.500000	1962.547718
60.000000	1948.273922
62.500000	1931.921312
65.000000	1878.163794
67.500000	1876.959239
70.000000	1887.055034
72.500000	1881.193071
75.000000	1839.792604
77.500000	1852.498791
80.000000	1855.867511
82.500000	1851.632409
85.000000	1840.094430
87.500000	1874.500466
90.000000	1867.746498
92.500000	1846.528085
95.000000	1860.322331
97.500000	1878.459099
100.000000	1907.377687
102.500000	1882.744339
105.000000	1900.626327
107.500000	1899.714421
110.000000	1932.029019
112.500000	1938.040762
115.000000	1934.245974
117.500000	1951.337549
120.000000	1993.475523
122.500000	2001.004875
125.000000	1992.795874
127.500000	2006.931419
130.000000	2036.525776
132.500000	2069.958648
135.000000	2079.962201
137.500000	2113.394243
140.000000	2110.534660
142.500000	2144.408490
145.000000	2150.580904
147.500000	2145.278701
150.000000	2185.233403
152.500000	2194.414390
155.000000	2218.299200
157.500000	2268.811518
160.000000	2281.838794
162.500000	2269.921193
165.000000	2311.385997
167.500000	2314.051273
170.000000	2333.815810
172.500000	2392.335279
175.000000	2371.530923
177.500000	2405.568140
180.000000	2446.475904
182.500000	2446.597194
185.000000	2477.763899
187.500000	2489.086900
190.000000	2507.720702
192.500000	2536.985142
195.000000	2541.833260
197.500000	2587.849181
200.000000	2625.920480
202.500000	2650.513022
