5.000000	987.632947
7.500000	698.348983
10.000000	578.842770
12.500000	499.750177
15.000000	448.938582
17.500000	427.416634
20.000000	423.196704
22.500000	417.952165
25.000000	417.608127
27.500000	437.936437
30.000000	439.449144
32.500000	459.394151
35.000000	479.727551
37.500000	485.050928
40.000000	501.524706
42.500000	509.900443
45.000000	517.390288
47.500000	550.383066
50.000000	555.630041
52.500000	565.390533
55.000000	608.949244
57.500000	613.381688
60.000000	612.463858
62.500000	651.037264
65.000000	685.430471
67.500000	704.267032
70.000000	726.318084
72.500000	741.100157
75.000000	771.630147
77.500000	775.424231
80.000000	794.888688
82.500000	811.089386
85.000000	847.430375
87.500000	850.068703
90.000000	878.087465
92.500000	897.874987
95.000000	937.899626
97.500000	915.840167
100.000000	972.239565
102.500000	999.033160
105.000000	991.126025
107.500000	1014.516804
110.000000	1054.346195
112.500000	1103.385750
115.000000	1101.902887
117.500000	1123.589405
120.000000	1122.482447
122.500000	1160.228222
125.000000	1176.183967
127.500000	1211.259536
130.000000	1204.606852
132.500000	1195.024602
135.000000	1228.881718
137.500000	1303.776663
140.000000	1311.831368
142.500000	1358.463693
145.000000	1368.792216
147.500000	1442.935980
150.000000	1437.167298
152.500000	1445.144068
155.000000	1439.348462
157.500000	1444.772822
160.000000	1481.407468
162.500000	1490.853821
165.000000	1542.628867
167.500000	1576.670563
170.000000	1569.287338
172.500000	1573.460042
175.000000	1585.004270
177.500000	1634.729240
180.000000	1678.186283
182.500000	1711.644689
185.000000	1722.268459
187.500000	1687.012624
190.000000	1750.859225
192.500000	1800.477159
195.000000	1851.200563
197.500000	1778.190188
200.000000	1848.016697
202.500000	1841.726569
