5.000000	14399.434853
7.500000	9854.562901
10.000000	7488.928991
12.500000	6111.384393
15.000000	5154.403738
17.500000	4487.308031
20.000000	3985.343227
22.500000	3627.959092
25.000000	3317.375977
27.500000	3031.913966
30.000000	2869.534715
32.500000	2668.921652
35.000000	2607.140613
37.500000	2478.911408
40.000000	2411.438635
42.500000	2195.476931
45.000000	2135.243182
47.500000	2094.291396
50.000000	2035.248189
52.500000	1969.919912
55.000000	1907.471603
57.500000	1934.373083
60.000000	1997.961580
62.500000	1903.868718
65.000000	1856.357542
67.500000	1791.117830
70.000000	1867.957509
72.500000	1821.664671
75.000000	1822.905291
77.500000	1788.328463
80.000000	1850.607008
82.500000	1791.532203
85.000000	1892.164126
87.500000	1798.353464
90.000000	1830.214509
92.500000	1903.748806
95.000000	1907.826800
97.500000	1868.174765
100.000000	1852.970010
102.500000	1728.929710
105.000000	2021.085951
107.500000	1828.825516
110.000000	1883.493389
112.500000	1844.376776
115.000000	1938.113405
117.500000	1982.663785
120.000000	1978.036607
122.500000	1962.304734
125.000000	1968.939210
127.500000	1990.187913
130.000000	1930.661841
132.500000	1993.917372
135.000000	2087.114048
137.500000	2128.793564
140.000000	2068.116081
142.500000	1933.024641
145.000000	2182.797590
147.500000	1989.257570
150.000000	2125.812252
152.500000	2194.292387
155.000000	1973.354497
157.500000	2091.844445
160.000000	2166.605947
162.500000	2322.860497
165.000000	2278.478466
167.500000	2205.433812
170.000000	2309.758842
172.500000	2251.742414
175.000000	2304.174597
177.500000	2334.385969
180.000000	2335.170496
182.500000	2462.353087
185.000000	2473.024055
187.500000	2483.330865
190.000000	2536.678318
192.500000	2514.180773
195.000000	2386.644387
197.500000	2403.205443
200.000000	2747.379847
202.500000	2490.467449
