5.000000	14411.950589
7.500000	9864.443764
10.000000	7503.641373
12.500000	6082.150372
15.000000	5176.885887
17.500000	4470.936480
20.000000	3975.983906
22.500000	3545.079211
25.000000	3300.102367
27.500000	3007.655160
30.000000	2817.157562
32.500000	2670.509208
35.000000	2526.094796
37.500000	2398.882548
40.000000	2315.147924
42.500000	2234.773814
45.000000	2120.304605
47.500000	2084.664571
50.000000	2030.988313
52.500000	1988.265113
55.000000	1913.770489
57.500000	1896.833582
60.000000	1850.571120
62.500000	1831.878277
65.000000	1773.629707
67.500000	1812.350458
70.000000	1834.521353
72.500000	1781.046253
75.000000	1708.878782
77.500000	1727.322501
80.000000	1727.362358
82.500000	1710.288121
85.000000	1716.363121
87.500000	1731.031530
90.000000	1691.592230
92.500000	1721.245301
95.000000	1759.076273
97.500000	1732.487519
100.000000	1736.268652
102.500000	1741.784490
105.000000	1683.958081
107.500000	1758.840401
110.000000	1748.207660
112.500000	1770.092841
115.000000	1721.852443
117.500000	1844.650261
120.000000	1805.666938
122.500000	1819.848459
125.000000	1931.467361
127.500000	1857.622505
130.000000	1833.755935
132.500000	1831.364968
135.000000	1953.378178
137.500000	1887.907584
140.000000	1960.791910
142.500000	1996.675090
145.000000	1929.109285
147.500000	1959.898053
150.000000	1995.970489
152.500000	2066.414979
155.000000	1984.368024
157.500000	2012.284147
160.000000	1973.126395
162.500000	2082.894306
165.000000	2013.000877
167.500000	2038.847439
170.000000	2092.409575
172.500000	2121.313218
175.000000	2195.376453
177.500000	2130.365985
180.000000	2147.354712
182.500000	2225.298520
185.000000	2124.684695
187.500000	2238.889073
190.000000	2202.918979
192.500000	2218.307981
195.000000	2299.617564
197.500000	2226.515577
200.000000	2272.588872
202.500000	2312.279242
