5.000000	989.918718
7.500000	711.080604
10.000000	566.439472
12.500000	520.990235
15.000000	473.926172
17.500000	459.818818
20.000000	471.852075
22.500000	440.014694
25.000000	470.144499
27.500000	497.397129
30.000000	501.764097
32.500000	497.400942
35.000000	521.618044
37.500000	530.959918
40.000000	591.101716
42.500000	603.212576
45.000000	641.104419
47.500000	626.147175
50.000000	657.649808
52.500000	672.755121
55.000000	689.833245
57.500000	749.698866
60.000000	707.227322
62.500000	777.929880
65.000000	832.603611
67.500000	779.149870
70.000000	847.743755
72.500000	891.578089
75.000000	880.084185
77.500000	896.389930
80.000000	968.983073
82.500000	890.239842
85.000000	972.965574
87.500000	1009.732553
90.000000	1021.709067
92.500000	1041.911701
95.000000	1114.182978
97.500000	1131.420001
100.000000	1108.413307
102.500000	1162.717402
105.000000	1168.260691
107.500000	1222.208105
110.000000	1198.095677
112.500000	1239.383350
115.000000	1266.009105
117.500000	1285.407314
120.000000	1352.338357
122.500000	1305.317627
125.000000	1399.003066
127.500000	1393.799366
130.000000	1407.386218
132.500000	1480.733555
135.000000	1477.162018
137.500000	1486.444600
140.000000	1512.076047
142.500000	1519.871876
145.000000	1581.120761
147.500000	1595.627159
150.000000	1561.797544
152.500000	1581.967889
155.000000	1712.826436
157.500000	1750.788201
160.000000	1831.777603
162.500000	1792.561685
165.000000	1699.695147
167.500000	1834.562759
170.000000	1828.274449
172.500000	1782.681969
175.000000	1916.615943
177.500000	1970.603756
180.000000	1949.925417
182.500000	1988.948007
185.000000	1914.058896
187.500000	1986.901080
190.000000	2015.311200
192.500000	2008.205125
195.000000	2069.642465
197.500000	2223.463018
200.000000	2151.723260
202.500000	2134.328633
