5.000000	65.525388
7.500000	55.786258
10.000000	58.023427
12.500000	60.297193
15.000000	61.690448
17.500000	62.977691
20.000000	72.142700
22.500000	74.391662
25.000000	84.792682
27.500000	82.815205
30.000000	87.865616
32.500000	96.591761
35.000000	98.543792
37.500000	106.346812
40.000000	109.653561
42.500000	113.625409
45.000000	121.219528
47.500000	132.613362
50.000000	139.156653
52.500000	139.757358
55.000000	143.752296
57.500000	148.818581
60.000000	163.038893
62.500000	166.340105
65.000000	150.386769
67.500000	174.222359
70.000000	177.962656
72.500000	170.129832
75.000000	172.537830
77.500000	196.019581
80.000000	189.202032
82.500000	201.201436
85.000000	197.932329
87.500000	203.873702
90.000000	225.976962
92.500000	206.037669
95.000000	227.848786
97.500000	209.143783
100.000000	251.986884
102.500000	231.852662
105.000000	234.858937
107.500000	255.825732
110.000000	251.888464
112.500000	245.786136
115.000000	245.555899
117.500000	275.286924
120.000000	272.927080
122.500000	276.848500
125.000000	292.488917
127.500000	281.475409
130.000000	298.495696
132.500000	284.271766
135.000000	298.666501
137.500000	325.427522
140.000000	319.526549
142.500000	314.844680
145.000000	336.880804
147.500000	327.054034
150.000000	367.301190
152.500000	347.256270
155.000000	335.594083
157.500000	323.787449
160.000000	337.580777
162.500000	368.919858
165.000000	335.234798
167.500000	367.457378
170.000000	350.454921
172.500000	357.540967
175.000000	358.974072
177.500000	420.820950
180.000000	381.653997
182.500000	404.957506
185.000000	375.141331
187.500000	375.929495
190.000000	382.386799
192.500000	423.050831
195.000000	409.744197
197.500000	408.276252
200.000000	429.092999
202.500000	397.572564
