5.000000	15296.892116
7.500000	10287.041844
10.000000	7744.596773
12.500000	6256.344596
15.000000	5302.166222
17.500000	4589.597993
20.000000	4080.897949
22.500000	3643.661905
25.000000	3399.338021
27.500000	3103.473512
30.000000	2921.148651
32.500000	2772.581797
35.000000	2627.462622
37.500000	2507.335137
40.000000	2423.019498
42.500000	2353.945461
45.000000	2228.545628
47.500000	2204.614272
50.000000	2164.817381
52.500000	2124.348798
55.000000	2048.059392
57.500000	2037.452846
60.000000	1996.281066
62.500000	1982.286730
65.000000	1924.520035
67.500000	1980.147184
70.000000	2005.560293
72.500000	1956.788546
75.000000	1877.945455
77.500000	1909.129709
80.000000	1915.454970
82.500000	1904.446358
85.000000	1910.268267
87.500000	1930.350466
90.000000	1903.291737
92.500000	1934.249830
95.000000	1986.791026
97.500000	1961.678412
100.000000	1959.361340
102.500000	1977.743680
105.000000	1920.597936
107.500000	1998.463844
110.000000	2001.142645
112.500000	2031.278466
115.000000	1980.158766
117.500000	2124.170502
120.000000	2089.512744
122.500000	2104.676916
125.000000	2228.235814
127.500000	2149.639510
130.000000	2129.206067
132.500000	2138.838303
135.000000	2277.265467
137.500000	2198.020603
140.000000	2288.491404
142.500000	2332.280032
145.000000	2257.776460
147.500000	2297.351969
150.000000	2340.864300
152.500000	2416.498154
155.000000	2333.902975
157.500000	2357.075487
160.000000	2330.193255
162.500000	2455.435671
165.000000	2377.825089
167.500000	2414.026923
170.000000	2480.782421
172.500000	2512.090635
175.000000	2589.624532
177.500000	2536.365943
180.000000	2553.647947
182.500000	2637.921663
185.000000	2529.106821
187.500000	2667.904261
190.000000	2634.532086
192.500000	2640.586551
195.000000	2735.244599
197.500000	2666.499706
200.000000	2719.981052
202.500000	2773.613464
