5.000000	970.748129
7.500000	665.227934
10.000000	538.259515
12.500000	465.840579
15.000000	408.330359
17.500000	384.719073
20.000000	370.556151
22.500000	363.068010
25.000000	352.983180
27.500000	354.938539
30.000000	351.114708
32.500000	363.227411
35.000000	365.167385
37.500000	368.823025
40.000000	379.040624
42.500000	384.254201
45.000000	396.378556
47.500000	407.870928
50.000000	415.718666
52.500000	429.678191
55.000000	453.791477
57.500000	461.273255
60.000000	459.048340
62.500000	474.058579
65.000000	488.508037
67.500000	487.512636
70.000000	526.522186
72.500000	536.270545
75.000000	564.554592
77.500000	578.943126
80.000000	572.774618
82.500000	603.519199
85.000000	604.344083
87.500000	615.705587
90.000000	629.867474
92.500000	624.402103
95.000000	661.284369
97.500000	677.721975
100.000000	682.287939
102.500000	690.498581
105.000000	721.284421
107.500000	747.303471
110.000000	748.520112
112.500000	754.152269
115.000000	782.477543
117.500000	793.832913
120.000000	796.011365
122.500000	807.356304
125.000000	818.268512
127.500000	850.004855
130.000000	863.697460
132.500000	887.243215
135.000000	887.896089
137.500000	914.328299
140.000000	917.445601
142.500000	929.973241
145.000000	951.433458
147.500000	970.548552
150.000000	994.705073
152.500000	997.723065
155.000000	1007.362775
157.500000	1022.205193
160.000000	1043.916270
162.500000	1059.891185
165.000000	1096.583480
167.500000	1102.701998
170.000000	1080.186217
172.500000	1135.665430
175.000000	1170.308760
177.500000	1170.854931
180.000000	1158.602693
182.500000	1165.705983
185.000000	1215.867946
187.500000	1216.879542
190.000000	1226.856179
192.500000	1214.293413
195.000000	1261.043420
197.500000	1272.571085
200.000000	1278.808498
202.500000	1313.701190
