5.000000	13216.878198
7.500000	9294.787253
10.000000	7168.295193
12.500000	5874.458274
15.000000	4977.368760
17.500000	4343.204694
20.000000	3845.823735
22.500000	3491.975061
25.000000	3194.124220
27.500000	2916.340123
30.000000	2748.134089
32.500000	2547.393714
35.000000	2461.440582
37.500000	2336.168773
40.000000	2255.488372
42.500000	2069.682648
45.000000	2003.057776
47.500000	1947.258193
50.000000	1883.629443
52.500000	1813.781973
55.000000	1756.458726
57.500000	1767.004942
60.000000	1797.608421
62.500000	1708.413548
65.000000	1664.491427
67.500000	1608.009491
70.000000	1651.072168
72.500000	1616.297462
75.000000	1598.691689
77.500000	1575.157148
80.000000	1605.361949
82.500000	1549.122069
85.000000	1622.235932
87.500000	1541.446326
90.000000	1562.771865
92.500000	1608.796653
95.000000	1607.097769
97.500000	1581.833796
100.000000	1561.546314
102.500000	1464.487763
105.000000	1679.800121
107.500000	1526.588753
110.000000	1560.295329
112.500000	1532.917829
115.000000	1596.061836
117.500000	1632.249522
120.000000	1620.700994
122.500000	1606.080507
125.000000	1605.594774
127.500000	1614.146197
130.000000	1570.735794
132.500000	1618.699719
135.000000	1675.865506
137.500000	1705.272624
140.000000	1665.515188
142.500000	1560.884957
145.000000	1742.493106
147.500000	1599.508249
150.000000	1696.119312
152.500000	1742.679302
155.000000	1577.895397
157.500000	1661.940779
160.000000	1713.513785
162.500000	1830.535714
165.000000	1795.414724
167.500000	1735.509814
170.000000	1815.598145
172.500000	1769.835078
175.000000	1798.893988
177.500000	1826.368295
180.000000	1828.118353
182.500000	1919.932174
185.000000	1927.144377
187.500000	1938.001090
190.000000	1964.766177
192.500000	1954.611866
195.000000	1859.815019
197.500000	1866.427625
200.000000	2119.206527
202.500000	1927.981447
