5.000000	3803.860479
7.500000	2601.796553
10.000000	2016.433142
12.500000	1652.995468
15.000000	1444.534277
17.500000	1269.097427
20.000000	1169.341635
22.500000	1093.859123
25.000000	1052.945167
27.500000	1028.046613
30.000000	968.071414
32.500000	929.550992
35.000000	922.622885
37.500000	931.129130
40.000000	919.286890
42.500000	896.998237
45.000000	965.027010
47.500000	903.474216
50.000000	984.810985
52.500000	910.117357
55.000000	982.078847
57.500000	989.245189
60.000000	974.773775
62.500000	1009.070244
65.000000	1019.954738
67.500000	1015.646294
70.000000	1073.327281
72.500000	1011.516696
75.000000	1074.234965
77.500000	1142.804835
80.000000	1110.914798
82.500000	1119.497613
85.000000	1154.096205
87.500000	1240.786181
90.000000	1193.400266
92.500000	1207.495291
95.000000	1222.330993
97.500000	1271.073709
100.000000	1315.887687
102.500000	1465.372950
105.000000	1349.743492
107.500000	1367.802228
110.000000	1461.248867
112.500000	1456.518392
115.000000	1447.982836
117.500000	1461.575188
120.000000	1472.262031
122.500000	1536.832605
125.000000	1527.749253
127.500000	1580.496336
130.000000	1575.069849
132.500000	1644.270175
135.000000	1587.625138
137.500000	1694.909564
140.000000	1683.651485
142.500000	1732.013327
145.000000	1796.047995
147.500000	1740.512395
150.000000	1812.633074
152.500000	1856.602688
155.000000	1910.656604
157.500000	1863.053666
160.000000	1866.158540
162.500000	1925.212398
165.000000	1947.391720
167.500000	1984.286018
170.000000	1957.074746
172.500000	2112.279217
175.000000	2003.925600
177.500000	2046.079386
180.000000	2122.694136
182.500000	2102.780543
185.000000	2159.195815
187.500000	2166.024364
190.000000	2190.493016
192.500000	2151.938928
195.000000	2316.439264
197.500000	2181.122905
200.000000	2222.266850
202.500000	2337.098230
