5.000000	3841.442939
7.500000	2619.031385
10.000000	2003.242645
12.500000	1646.752603
15.000000	1400.233242
17.500000	1237.858617
20.000000	1121.603308
22.500000	1044.266032
25.000000	992.512791
27.500000	934.148614
30.000000	901.145470
32.500000	878.833887
35.000000	858.094361
37.500000	840.229900
40.000000	821.144471
42.500000	815.279673
45.000000	818.335927
47.500000	810.632151
50.000000	820.623081
52.500000	826.186971
55.000000	821.532816
57.500000	838.867699
60.000000	832.418569
62.500000	838.251106
65.000000	860.852783
67.500000	869.037837
70.000000	884.303820
72.500000	880.752642
75.000000	898.782789
77.500000	917.994849
80.000000	930.866155
82.500000	962.591634
85.000000	964.853301
87.500000	963.452486
90.000000	987.007212
92.500000	1000.085045
95.000000	1026.204538
97.500000	1032.289964
100.000000	1048.615110
102.500000	1068.131555
105.000000	1098.492818
107.500000	1097.573578
110.000000	1126.052262
112.500000	1163.682486
115.000000	1155.827659
117.500000	1166.287468
120.000000	1202.585667
122.500000	1228.393581
125.000000	1228.164069
127.500000	1273.034043
130.000000	1265.417838
132.500000	1308.667704
135.000000	1308.462712
137.500000	1315.464954
140.000000	1334.233531
142.500000	1344.789541
145.000000	1380.472934
147.500000	1387.532944
150.000000	1419.146835
152.500000	1435.244286
155.000000	1449.466598
157.500000	1473.513690
160.000000	1497.766728
162.500000	1514.474890
165.000000	1558.081330
167.500000	1578.778364
170.000000	1574.786855
172.500000	1594.841947
175.000000	1654.270823
177.500000	1641.220058
180.000000	1671.671911
182.500000	1669.429889
185.000000	1719.634449
187.500000	1733.469062
190.000000	1751.220356
192.500000	1752.156756
195.000000	1804.200439
197.500000	1797.874503
200.000000	1795.794304
202.500000	1848.397034
