Time	AutoCorrelation

0.000000	1.009382
0.100000	0.948506
0.200000	0.887541
0.300000	0.830556
0.400000	0.777448
0.500000	0.727865
0.600000	0.681395
0.700000	0.638033
0.800000	0.597583
0.900000	0.559809
1.000000	0.524315
1.100000	0.491122
1.200000	0.460090
1.300000	0.431140
1.400000	0.404008
1.500000	0.378183
1.600000	0.353672
1.700000	0.330713
1.800000	0.309114
1.900000	0.288705
2.000000	0.269789
2.100000	0.252014
2.200000	0.235445
2.300000	0.219856
2.400000	0.205294
2.500000	0.191368
2.600000	0.178206
2.700000	0.166018
2.800000	0.154687
2.900000	0.143942
3.000000	0.133989
3.100000	0.124750
3.200000	0.116530
3.300000	0.108726
3.400000	0.101355
3.500000	0.094224
3.600000	0.087715
3.700000	0.081534
3.800000	0.075740
3.900000	0.070312
4.000000	0.065467
4.100000	0.060895
4.200000	0.056791
4.300000	0.053065
4.400000	0.049449
4.500000	0.045823
4.600000	0.042477
4.700000	0.039330
4.800000	0.036345
4.900000	0.033587
5.000000	0.031136
5.100000	0.028939
5.200000	0.026806
5.300000	0.024770
5.400000	0.022944
5.500000	0.021258
5.600000	0.019453
5.700000	0.017862
5.800000	0.016395
5.900000	0.014943
6.000000	0.013626
6.100000	0.012364
6.200000	0.011207
6.300000	0.010039
6.400000	0.009021
6.500000	0.008121
6.600000	0.007502
6.700000	0.006984
6.800000	0.006471
6.900000	0.005952
7.000000	0.005572
7.100000	0.005260
7.200000	0.005011
7.300000	0.004859
7.400000	0.004887
7.500000	0.004854
7.600000	0.004711
7.700000	0.004681
7.800000	0.004595
7.900000	0.004422
8.000000	0.004179
8.100000	0.003862
8.200000	0.003653
8.300000	0.003596
8.400000	0.003592
8.500000	0.003480
8.600000	0.003343
8.700000	0.003108
8.800000	0.002722
8.900000	0.002508
9.000000	0.002502
9.100000	0.002505
9.200000	0.002516
9.300000	0.002578
9.400000	0.002757
9.500000	0.002702
9.600000	0.002698
9.700000	0.002595
9.800000	0.002418
9.900000	0.002146
10.000000	0.001934
10.100000	0.001775
10.200000	0.001803
10.300000	0.001903
10.400000	0.002136
10.500000	0.002264
10.600000	0.002401
10.700000	0.002321
10.800000	0.002513
10.900000	0.002770
11.000000	0.002847
11.100000	0.002754
11.200000	0.002587
11.300000	0.002579
11.400000	0.002716
11.500000	0.002860
11.600000	0.002979
11.700000	0.003042
11.800000	0.003070
11.900000	0.003067
12.000000	0.003053
12.100000	0.002958
12.200000	0.002927
12.300000	0.002852
12.400000	0.002719
12.500000	0.002854
12.600000	0.003238
12.700000	0.003594
12.800000	0.004081
12.900000	0.004538
13.000000	0.004985
13.100000	0.005380
13.200000	0.005824
13.300000	0.006382
13.400000	0.006956
13.500000	0.007306
13.600000	0.007603
13.700000	0.007661
13.800000	0.007617
13.900000	0.007526
14.000000	0.007336
14.100000	0.007222
14.200000	0.007020
14.300000	0.006798
14.400000	0.006578
14.500000	0.006458
14.600000	0.006410
14.700000	0.006457
14.800000	0.006708
14.900000	0.007003
15.000000	0.007291
15.100000	0.007464
15.200000	0.007489
15.300000	0.007366
15.400000	0.007337
15.500000	0.007332
15.600000	0.007381
15.700000	0.007212
15.800000	0.006746
15.900000	0.006383
16.000000	0.006127
16.100000	0.005852
16.200000	0.005561
16.300000	0.005259
16.400000	0.004876
16.500000	0.004564
16.600000	0.004335
16.700000	0.004049
16.800000	0.003822
16.900000	0.003611
17.000000	0.003235
17.100000	0.002868
17.200000	0.002612
17.300000	0.002495
17.400000	0.002358
17.500000	0.002260
17.600000	0.002256
17.700000	0.002483
17.800000	0.002573
17.900000	0.002660
18.000000	0.002862
18.100000	0.003026
18.200000	0.002997
18.300000	0.002908
18.400000	0.002882
18.500000	0.002844
18.600000	0.002742
18.700000	0.002340
18.800000	0.001891
18.900000	0.001451
19.000000	0.001080
19.100000	0.000871
19.200000	0.000752
19.300000	0.000587
19.400000	0.000528
19.500000	0.000412
19.600000	0.000368
19.700000	0.000360
19.800000	0.000374
19.900000	0.000389
20.000000	0.000251
20.100000	-0.000115
20.200000	-0.000422
20.300000	-0.000698
20.400000	-0.001051
20.500000	-0.001352
20.600000	-0.001631
20.700000	-0.001984
20.800000	-0.002304
20.900000	-0.002542
21.000000	-0.002747
21.100000	-0.002881
21.200000	-0.002891
21.300000	-0.002945
21.400000	-0.003052
21.500000	-0.003242
21.600000	-0.003214
21.700000	-0.003262
21.800000	-0.003492
21.900000	-0.003574
22.000000	-0.003748
22.100000	-0.003712
22.200000	-0.003676
22.300000	-0.003528
22.400000	-0.003253
22.500000	-0.002994
22.600000	-0.002638
22.700000	-0.002298
22.800000	-0.001826
22.900000	-0.001463
23.000000	-0.001121
23.100000	-0.000942
23.200000	-0.000762
23.300000	-0.000418
23.400000	-0.000314
23.500000	-0.000102
23.600000	0.000050
23.700000	0.000165
23.800000	0.000161
23.900000	0.000046
24.000000	-0.000159
24.100000	-0.000456
24.200000	-0.000613
24.300000	-0.000816
24.400000	-0.001046
24.500000	-0.001156
24.600000	-0.001205
24.700000	-0.001344
24.800000	-0.001531
24.900000	-0.001793
25.000000	-0.001778
25.100000	-0.001699
25.200000	-0.001410
25.300000	-0.001153
25.400000	-0.000884
25.500000	-0.000682
25.600000	-0.000490
25.700000	-0.000393
25.800000	-0.000313
25.900000	0.000064
26.000000	0.000249
26.100000	0.000424
26.200000	0.000653
26.300000	0.000822
26.400000	0.000918
26.500000	0.000833
26.600000	0.000684
26.700000	0.000653
26.800000	0.000579
26.900000	0.000713
27.000000	0.000939
27.100000	0.000983
27.200000	0.000948
27.300000	0.000796
27.400000	0.000653
27.500000	0.000461
27.600000	0.000167
27.700000	-0.000033
27.800000	-0.000357
27.900000	-0.000532
28.000000	-0.000985
28.100000	-0.001464
28.200000	-0.001901
28.300000	-0.002235
28.400000	-0.002589
28.500000	-0.002959
28.600000	-0.003151
28.700000	-0.003332
28.800000	-0.003545
28.900000	-0.003758
29.000000	-0.003983
29.100000	-0.004049
29.200000	-0.004172
29.300000	-0.004127
29.400000	-0.003875
29.500000	-0.003563
29.600000	-0.003411
29.700000	-0.003233
29.800000	-0.002989
29.900000	-0.002771
30.000000	-0.002746
30.100000	-0.002672
30.200000	-0.002483
30.300000	-0.002281
30.400000	-0.002153
30.500000	-0.002043
30.600000	-0.001926
30.700000	-0.001838
30.800000	-0.001823
30.900000	-0.001783
31.000000	-0.001786
31.100000	-0.001669
31.200000	-0.001437
31.300000	-0.001353
31.400000	-0.001206
31.500000	-0.001119
31.600000	-0.000936
31.700000	-0.000697
31.800000	-0.000496
31.900000	-0.000224
32.000000	-0.000057
32.100000	0.000175
32.200000	0.000557
32.300000	0.000915
32.400000	0.001313
32.500000	0.001623
32.600000	0.001827
32.700000	0.001969
32.800000	0.002187
32.900000	0.002132
33.000000	0.002075
33.100000	0.002008
33.200000	0.002112
33.300000	0.002136
33.400000	0.002155
33.500000	0.002313
33.600000	0.002431
33.700000	0.002495
33.800000	0.002746
33.900000	0.002951
34.000000	0.003242
34.100000	0.003431
34.200000	0.003604
34.300000	0.003823
34.400000	0.003885
34.500000	0.004190
34.600000	0.004413
34.700000	0.004726
34.800000	0.004853
34.900000	0.004942
35.000000	0.004886
35.100000	0.004804
35.200000	0.004641
35.300000	0.004553
35.400000	0.004565
35.500000	0.004624
35.600000	0.004650
35.700000	0.004581
35.800000	0.004401
35.900000	0.004190
36.000000	0.004131
36.100000	0.004216
36.200000	0.004451
36.300000	0.004616
36.400000	0.004764
36.500000	0.005064
36.600000	0.005189
36.700000	0.005349
36.800000	0.005338
36.900000	0.005420
37.000000	0.005384
37.100000	0.005299
37.200000	0.005506
37.300000	0.005772
37.400000	0.006010
37.500000	0.006364
37.600000	0.006883
37.700000	0.007301
37.800000	0.007632
37.900000	0.007881
38.000000	0.008031
38.100000	0.008120
38.200000	0.008166
38.300000	0.008120
38.400000	0.007950
38.500000	0.007985
38.600000	0.008036
38.700000	0.008128
38.800000	0.008173
38.900000	0.008351
39.000000	0.008448
39.100000	0.008565
39.200000	0.008581
39.300000	0.008650
39.400000	0.008573
39.500000	0.008426
39.600000	0.008255
39.700000	0.007978
39.800000	0.007721
39.900000	0.007500
40.000000	0.007113
40.100000	0.006641
40.200000	0.006134
40.300000	0.005806
40.400000	0.005772
40.500000	0.005691
40.600000	0.005594
40.700000	0.005395
40.800000	0.005248
40.900000	0.005068
41.000000	0.005084
41.100000	0.005033
41.200000	0.004889
41.300000	0.004765
41.400000	0.004771
41.500000	0.004873
41.600000	0.004692
41.700000	0.004589
41.800000	0.004452
41.900000	0.004173
42.000000	0.003970
42.100000	0.003705
42.200000	0.003577
42.300000	0.003463
42.400000	0.003327
42.500000	0.003107
42.600000	0.002925
42.700000	0.002715
42.800000	0.002520
42.900000	0.002246
43.000000	0.001855
43.100000	0.001793
43.200000	0.001813
43.300000	0.001839
43.400000	0.001661
43.500000	0.001422
43.600000	0.001243
43.700000	0.000994
43.800000	0.000809
43.900000	0.000875
44.000000	0.000853
44.100000	0.000807
44.200000	0.000731
44.300000	0.000506
44.400000	0.000420
44.500000	0.000210
44.600000	-0.000152
44.700000	-0.000681
44.800000	-0.001192
44.900000	-0.001513
45.000000	-0.002005
45.100000	-0.002365
45.200000	-0.002699
45.300000	-0.003088
45.400000	-0.003244
45.500000	-0.003550
45.600000	-0.003786
45.700000	-0.003932
45.800000	-0.003954
45.900000	-0.004038
46.000000	-0.004094
46.100000	-0.004167
46.200000	-0.004306
46.300000	-0.004533
46.400000	-0.004852
46.500000	-0.005168
46.600000	-0.005524
46.700000	-0.005598
46.800000	-0.005805
46.900000	-0.005963
47.000000	-0.006313
47.100000	-0.006720
47.200000	-0.007118
47.300000	-0.007587
47.400000	-0.008208
47.500000	-0.008565
47.600000	-0.009078
47.700000	-0.009389
47.800000	-0.009766
47.900000	-0.010213
48.000000	-0.010437
48.100000	-0.010772
48.200000	-0.010951
48.300000	-0.011022
48.400000	-0.010983
48.500000	-0.011021
48.600000	-0.011080
48.700000	-0.011058
48.800000	-0.011095
48.900000	-0.011238
49.000000	-0.011184
49.100000	-0.011174
49.200000	-0.011043
49.300000	-0.010995
49.400000	-0.010893
49.500000	-0.010765
49.600000	-0.010703
49.700000	-0.010483
49.800000	-0.010311
49.900000	-0.010163
